Mesh_9
676
247114 -347284 0988657 252696 -447127 0985166 24703 -347282 0970087 
252612 -447125 0966597 246878 -347284 0951562 25246 -447127 0948071 
246657 -34729 0933105 252239 -447133 0929615 246368 -347299 0914744 
25195 -447143 0911253 246011 -347313 0896502 251593 -447157 0893012 
245586 -34733 0878407 251168 -447174 0874916 245094 -347352 0860481 
250676 -447195 0856991 244537 -347377 0842751 250119 -44722 0839261 
243914 -347405 0825241 249496 -447249 082175 243226 -347438 0807974 
248808 -447281 0804484 242475 -347474 0790976 248057 -447317 0787485 
241661 -347513 0774269 247243 -447357 0770778 240786 -347557 0757876 
246368 -4474 0754385 23985 -347603 074182 245432 -447447 0738329 
238856 -347653 0726123 244438 -447497 0722632 237804 -347707 0710807 
243386 -44755 0707317 236696 -347764 0695894 242278 -447607 0692403 
235533 -347824 0681403 241115 -447667 0677912 234317 -347887 0667355 
239899 -44773 0663864 23305 -347953 0653769 238632 -447796 0650278 
231734 -348022 0640664 237316 -447865 0637173 23037 -348094 0628058 
235952 -447937 0624567 22896 -348168 0615968 234542 -448012 0612478 
227506 -348246 0604412 233088 -448089 0600921 22601 -348325 0593405 
231592 -448169 0589914 224475 -348407 0582962 230057 -448251 0579471 
222901 -348492 0573098 228483 -448335 0569607 221293 -348579 0563826 
226875 -448422 0560336 219651 -348667 055516 225233 -448511 0551669 
217977 -348758 0547111 22356 -448602 054362 216276 -348851 053969 
221858 -448694 0536199 214548 -348945 0532908 22013 -448788 0529417 
212796 -349041 0526773 218378 -448884 0523283 211022 -349138 0521296 
216604 -448981 0517805 209229 -349237 0516482 214811 -44908 0512991 
20742 -349336 0512339 213002 -44918 0508848 205596 -349437 0508872 
211179 -449281 0505382 203761 -349539 0506087 209344 -449382 0502596 
201917 -349641 0503986 207499 -449484 0500496 200067 -349744 0502574 
205649 -449587 0499083 198212 -349847 0501851 203794 -449691 0498361 
196356 -349951 050182 201938 -449795 0498329 194502 -350055 0502479 
200084 -449899 0498988 192651 -350159 0503828 198233 -450003 0500338 
190806 -350263 0505866 196388 -450106 0502375 18897 -350366 0508588 
194552 -45021 0505098 187146 -35047 0511993 192728 -450313 0508502 
185335 -350572 0516074 190917 -450416 0512584 183541 -350674 0520827 
189123 -450518 0517336 181766 -350775 0526244 187348 -450619 0522753 
180012 -350876 0532318 185594 -450719 0528828 178282 -350975 0539041 
183864 -450818 0535551 176578 -351073 0546404 18216 -450916 0542913 
174902 -351169 0554396 180484 -451012 0550905 173257 -351264 0563006 
17884 -451107 0559516 171646 -351357 0572223 177228 -451201 0568732 
17007 -351449 0582033 175652 -451292 0578543 168531 -351539 0592424 
174113 -451382 0588933 167032 -351626 060338 172614 -45147 0599889 
165575 -351712 0614886 171157 -451555 0611396 164161 -351795 0626928 
169743 -451638 0623437 162793 -351876 0639487 168375 -451719 0635997 
161473 -351954 0652547 167055 -451798 0649057 160202 -35203 066609 
165784 -451873 0662599 158982 -352103 0680096 164564 -451946 0676606 
157815 -352173 0694548 163397 -452017 0691057 156702 -352241 0709423 
162284 -452084 0705933 155646 -352305 0724703 161228 -452149 0721212 
154646 -352366 0740366 160229 -45221 0736875 153706 -352425 0756389 
159288 -452268 0752899 152826 -35248 0772752 158408 -452323 0769262 
152007 -352531 0789432 157589 -452375 0785941 151251 -352579 0806405 
156833 -452423 0802914 150558 -352624 0823648 15614 -452468 0820157 
149929 -352665 0841137 155512 -452509 0837646 149366 -352703 0858848 
154948 -452547 0855357 148869 -352737 0876756 154452 -452581 0873265 
148439 -352768 0894837 154021 -452611 0891347 148077 -352794 0913066 
153659 -452638 0909576 147782 -352817 0931418 153364 -452661 0927927 
147555 -352836 0949867 153137 -45268 0946376 147397 -352851 0968387 
15298 -452695 0964896 147308 -352863 0986954 152891 -452706 0983463 
147288 -352871 100554 152871 -452714 100205 147337 -352874 102412 
152919 -452718 102063 147455 -352874 104267 153037 -452718 103918 
147642 -35287 106117 153224 -452714 105768 147897 -352862 107958 
153479 -452706 107609 14822 -352851 109788 153802 -452694 109439 
148611 -352835 111606 154193 -452679 111257 149069 -352816 113407 
154652 -452659 113058 149594 -352793 11519 155176 -452636 114841 
150185 -352766 116952 155767 -452609 116603 15084 -352735 118692 
156422 -452579 118342 15156 -352701 120405 157142 -452545 120056 
152342 -352663 122091 157925 -452507 121742 153187 -352622 123746 
158769 -452465 123397 154093 -352577 125369 159675 -45242 12502 
155058 -352529 126957 16064 -452372 126607 156081 -352477 128507 
161663 -45232 128158 157161 -352422 130019 162743 -452265 12967 
158297 -352363 13149 163879 -452207 131141 159486 -352302 132917 
165068 -452145 132568 160728 -352237 134299 16631 -452081 13395 
16202 -35217 135634 167602 -452013 135284 16336 -352099 136919 
168942 -451943 13657 164748 -352026 138154 17033 -451869 137805 
16618 -35195 139337 171762 -451793 138988 167655 -351871 140465 
173237 -451715 140116 169171 -35179 141538 174753 -451634 141189 
170725 -351707 142553 176308 -451551 142204 172317 -351621 14351 
177899 -451465 143161 173942 -351534 144407 179524 -451377 144058 
1756 -351444 145243 181182 -451287 144894 177288 -351352 146017 
18287 -451196 145668 179003 -351259 146727 184585 -451102 146378 
180743 -351164 147373 186326 -451007 147024 182507 -351067 147954 
188089 -450911 147605 18429 -350969 148469 189872 -450813 148119 
186091 -35087 148916 191674 -450714 148567 187908 -35077 149297 
19349 -450613 148948 189738 -350669 14961 19532 -450512 149261 
191578 -350567 149854 19716 -45041 149505 193425 -350464 15003 
199007 -450308 149681 195278 -350361 150136 20086 -450204 149787 
197134 -350257 150174 202716 -450101 149825 198989 -350153 150143 
204571 -449997 149794 200842 -350049 150042 206425 -449893 149693 
202691 -349946 149873 208273 -449789 149524 204531 -349842 149635 
210113 -449685 149286 206362 -349738 149328 211944 -449582 148979 
20818 -349635 148954 213762 -449479 148605 209982 -349533 148512 
215564 -449377 148163 211767 -349432 148004 217349 -449275 147655 
213532 -349331 147429 219114 -449174 14708 215274 -349231 146789 
220857 -449075 14644 216992 -349133 146085 222574 -448976 145736 
218682 -349036 145317 224264 -448879 144968 220342 -34894 144487 
225924 -448783 144138 221971 -348846 143595 227553 -448689 143246 
223565 -348753 142644 229147 -448597 142295 225122 -348663 141633 
230704 -448506 141284 226642 -348574 140566 232224 -448417 140217 
22812 -348487 139443 233702 -448331 139093 229556 -348403 138265 
235138 -448246 137916 230947 -348321 137035 236529 -448164 136686 
232291 -348241 135753 237873 -448085 135404 233587 -348164 134423 
239169 -448008 134074 234833 -34809 133045 240415 -447933 132696 
236026 -348018 131622 241609 -447861 131273 237166 -347949 130156 
242748 -447793 129807 238251 -347883 128648 243833 -447727 128299 
239279 -34782 1271 244861 -447664 126751 240249 -347761 125516 
245831 -447604 125167 241159 -347704 123896 246742 -447547 123547 
242009 -347651 122244 247591 -447494 121895 242797 -347601 120561 
248379 -447444 120212 243522 -347554 11885 249104 -447398 118501 
244182 -347511 117113 249765 -447355 116764 244778 -347472 115352 
25036 -447315 115003 245308 -347436 113571 25089 -447279 113222 
245772 -347404 111771 251354 -447247 111422 246168 -347375 109956 
25175 -447219 109607 246497 -34735 108126 252079 -447194 107777 
246758 -347329 106286 25234 -447173 105937 24695 -347312 104437 
252532 -447156 104088 247074 -347299 102582 252656 -447142 102233 
247128 -347289 100724 25271 -447133 100375 247114 -347284 0988657 
24703 -347282 0970087 246878 -347284 0951562 246657 -34729 0933105 
246368 -347299 0914744 246011 -347313 0896502 245586 -34733 0878407 
245094 -347352 0860481 244537 -347377 0842751 243914 -347405 0825241 
243226 -347438 0807974 242475 -347474 0790976 241661 -347513 0774269 
240786 -347557 0757876 23985 -347603 074182 238856 -347653 0726123 
237804 -347707 0710807 236696 -347764 0695894 235533 -347824 0681403 
234317 -347887 0667355 23305 -347953 0653769 231734 -348022 0640664 
23037 -348094 0628058 22896 -348168 0615968 227506 -348246 0604412 
22601 -348325 0593405 224475 -348407 0582962 222901 -348492 0573098 
221293 -348579 0563826 219651 -348667 055516 217977 -348758 0547111 
216276 -348851 053969 214548 -348945 0532908 212796 -349041 0526773 
211022 -349138 0521296 209229 -349237 0516482 20742 -349336 0512339 
205596 -349437 0508872 203761 -349539 0506087 201917 -349641 0503986 
200067 -349744 0502574 198212 -349847 0501851 196356 -349951 050182 
194502 -350055 0502479 192651 -350159 0503828 190806 -350263 0505866 
18897 -350366 0508588 187146 -35047 0511993 185335 -350572 0516074 
183541 -350674 0520827 181766 -350775 0526244 180012 -350876 0532318 
178282 -350975 0539041 176578 -351073 0546404 174902 -351169 0554396 
173257 -351264 0563006 171646 -351357 0572223 17007 -351449 0582033 
168531 -351539 0592424 167032 -351626 060338 165575 -351712 0614886 
164161 -351795 0626928 162793 -351876 0639487 161473 -351954 0652547 
160202 -35203 066609 158982 -352103 0680096 157815 -352173 0694548 
156702 -352241 0709423 155646 -352305 0724703 154646 -352366 0740366 
153706 -352425 0756389 152826 -35248 0772752 152007 -352531 0789432 
151251 -352579 0806405 150558 -352624 0823648 149929 -352665 0841137 
149366 -352703 0858848 148869 -352737 0876756 148439 -352768 0894837 
148077 -352794 0913066 147782 -352817 0931418 147555 -352836 0949867 
147397 -352851 0968387 147308 -352863 0986954 147288 -352871 100554 
147337 -352874 102412 147455 -352874 104267 147642 -35287 106117 
147897 -352862 107958 14822 -352851 109788 148611 -352835 111606 
149069 -352816 113407 149594 -352793 11519 150185 -352766 116952 
15084 -352735 118692 15156 -352701 120405 152342 -352663 122091 
153187 -352622 123746 154093 -352577 125369 155058 -352529 126957 
156081 -352477 128507 157161 -352422 130019 158297 -352363 13149 
159486 -352302 132917 160728 -352237 134299 16202 -35217 135634 
16336 -352099 136919 164748 -352026 138154 16618 -35195 139337 
167655 -351871 140465 169171 -35179 141538 170725 -351707 142553 
172317 -351621 14351 173942 -351534 144407 1756 -351444 145243 
177288 -351352 146017 179003 -351259 146727 180743 -351164 147373 
182507 -351067 147954 18429 -350969 148469 186091 -35087 148916 
187908 -35077 149297 189738 -350669 14961 191578 -350567 149854 
193425 -350464 15003 195278 -350361 150136 197134 -350257 150174 
198989 -350153 150143 200842 -350049 150042 202691 -349946 149873 
204531 -349842 149635 206362 -349738 149328 20818 -349635 148954 
209982 -349533 148512 211767 -349432 148004 213532 -349331 147429 
215274 -349231 146789 216992 -349133 146085 218682 -349036 145317 
220342 -34894 144487 221971 -348846 143595 223565 -348753 142644 
225122 -348663 141633 226642 -348574 140566 22812 -348487 139443 
229556 -348403 138265 230947 -348321 137035 232291 -348241 135753 
233587 -348164 134423 234833 -34809 133045 236026 -348018 131622 
237166 -347949 130156 238251 -347883 128648 239279 -34782 1271 
240249 -347761 125516 241159 -347704 123896 242009 -347651 122244 
242797 -347601 120561 243522 -347554 11885 244182 -347511 117113 
244778 -347472 115352 245308 -347436 113571 245772 -347404 111771 
246168 -347375 109956 246497 -34735 108126 246758 -347329 106286 
24695 -347312 104437 247074 -347299 102582 247128 -347289 100724 
25271 -447133 100375 252656 -447142 102233 252532 -447156 104088 
25234 -447173 105937 252079 -447194 107777 25175 -447219 109607 
251354 -447247 111422 25089 -447279 113222 25036 -447315 115003 
249765 -447355 116764 249104 -447398 118501 248379 -447444 120212 
247591 -447494 121895 246742 -447547 123547 245831 -447604 125167 
244861 -447664 126751 243833 -447727 128299 242748 -447793 129807 
241609 -447861 131273 240415 -447933 132696 239169 -448008 134074 
237873 -448085 135404 236529 -448164 136686 235138 -448246 137916 
233702 -448331 139093 232224 -448417 140217 230704 -448506 141284 
229147 -448597 142295 227553 -448689 143246 225924 -448783 144138 
224264 -448879 144968 222574 -448976 145736 220857 -449075 14644 
219114 -449174 14708 217349 -449275 147655 215564 -449377 148163 
213762 -449479 148605 211944 -449582 148979 210113 -449685 149286 
208273 -449789 149524 206425 -449893 149693 204571 -449997 149794 
202716 -450101 149825 20086 -450204 149787 199007 -450308 149681 
19716 -45041 149505 19532 -450512 149261 19349 -450613 148948 
191674 -450714 148567 189872 -450813 148119 188089 -450911 147605 
186326 -451007 147024 184585 -451102 146378 18287 -451196 145668 
181182 -451287 144894 179524 -451377 144058 177899 -451465 143161 
176308 -451551 142204 174753 -451634 141189 173237 -451715 140116 
171762 -451793 138988 17033 -451869 137805 168942 -451943 13657 
167602 -452013 135284 16631 -452081 13395 165068 -452145 132568 
163879 -452207 131141 162743 -452265 12967 161663 -45232 128158 
16064 -452372 126607 159675 -45242 12502 158769 -452465 123397 
157925 -452507 121742 157142 -452545 120056 156422 -452579 118342 
155767 -452609 116603 155176 -452636 114841 154652 -452659 113058 
154193 -452679 111257 153802 -452694 109439 153479 -452706 107609 
153224 -452714 105768 153037 -452718 103918 152919 -452718 102063 
152871 -452714 100205 152891 -452706 0983463 15298 -452695 0964896 
153137 -45268 0946376 153364 -452661 0927927 153659 -452638 0909576 
154021 -452611 0891347 154452 -452581 0873265 154948 -452547 0855357 
155512 -452509 0837646 15614 -452468 0820157 156833 -452423 0802914 
157589 -452375 0785941 158408 -452323 0769262 159288 -452268 0752899 
160229 -45221 0736875 161228 -452149 0721212 162284 -452084 0705933 
163397 -452017 0691057 164564 -451946 0676606 165784 -451873 0662599 
167055 -451798 0649057 168375 -451719 0635997 169743 -451638 0623437 
171157 -451555 0611396 172614 -45147 0599889 174113 -451382 0588933 
175652 -451292 0578543 177228 -451201 0568732 17884 -451107 0559516 
180484 -451012 0550905 18216 -450916 0542913 183864 -450818 0535551 
185594 -450719 0528828 187348 -450619 0522753 189123 -450518 0517336 
190917 -450416 0512584 192728 -450313 0508502 194552 -45021 0505098 
196388 -450106 0502375 198233 -450003 0500338 200084 -449899 0498988 
201938 -449795 0498329 203794 -449691 0498361 205649 -449587 0499083 
207499 -449484 0500496 209344 -449382 0502596 211179 -449281 0505382 
213002 -44918 0508848 214811 -44908 0512991 216604 -448981 0517805 
218378 -448884 0523283 22013 -448788 0529417 221858 -448694 0536199 
22356 -448602 054362 225233 -448511 0551669 226875 -448422 0560336 
228483 -448335 0569607 230057 -448251 0579471 231592 -448169 0589914 
233088 -448089 0600921 234542 -448012 0612478 235952 -447937 0624567 
237316 -447865 0637173 238632 -447796 0650278 239899 -44773 0663864 
241115 -447667 0677912 242278 -447607 0692403 243386 -44755 0707317 
244438 -447497 0722632 245432 -447447 0738329 246368 -4474 0754385 
247243 -447357 0770778 248057 -447317 0787485 248808 -447281 0804484 
249496 -447249 082175 250119 -44722 0839261 250676 -447195 0856991 
251168 -447174 0874916 251593 -447157 0893012 25195 -447143 0911253 
252239 -447133 0929615 25246 -447127 0948071 252612 -447125 0966597 
252696 -447127 0985166 
4 0 1 3 2 
4 2 3 5 4 
4 4 5 7 6 
4 6 7 9 8 
4 8 9 11 10 
4 10 11 13 12 
4 12 13 15 14 
4 14 15 17 16 
4 16 17 19 18 
4 18 19 21 20 
4 20 21 23 22 
4 22 23 25 24 
4 24 25 27 26 
4 26 27 29 28 
4 28 29 31 30 
4 30 31 33 32 
4 32 33 35 34 
4 34 35 37 36 
4 36 37 39 38 
4 38 39 41 40 
4 40 41 43 42 
4 42 43 45 44 
4 44 45 47 46 
4 46 47 49 48 
4 48 49 51 50 
4 50 51 53 52 
4 52 53 55 54 
4 54 55 57 56 
4 56 57 59 58 
4 58 59 61 60 
4 60 61 63 62 
4 62 63 65 64 
4 64 65 67 66 
4 66 67 69 68 
4 68 69 71 70 
4 70 71 73 72 
4 72 73 75 74 
4 74 75 77 76 
4 76 77 79 78 
4 78 79 81 80 
4 80 81 83 82 
4 82 83 85 84 
4 84 85 87 86 
4 86 87 89 88 
4 88 89 91 90 
4 90 91 93 92 
4 92 93 95 94 
4 94 95 97 96 
4 96 97 99 98 
4 98 99 101 100 
4 100 101 103 102 
4 102 103 105 104 
4 104 105 107 106 
4 106 107 109 108 
4 108 109 111 110 
4 110 111 113 112 
4 112 113 115 114 
4 114 115 117 116 
4 116 117 119 118 
4 118 119 121 120 
4 120 121 123 122 
4 122 123 125 124 
4 124 125 127 126 
4 126 127 129 128 
4 128 129 131 130 
4 130 131 133 132 
4 132 133 135 134 
4 134 135 137 136 
4 136 137 139 138 
4 138 139 141 140 
4 140 141 143 142 
4 142 143 145 144 
4 144 145 147 146 
4 146 147 149 148 
4 148 149 151 150 
4 150 151 153 152 
4 152 153 155 154 
4 154 155 157 156 
4 156 157 159 158 
4 158 159 161 160 
4 160 161 163 162 
4 162 163 165 164 
4 164 165 167 166 
4 166 167 169 168 
4 168 169 171 170 
4 170 171 173 172 
4 172 173 175 174 
4 174 175 177 176 
4 176 177 179 178 
4 178 179 181 180 
4 180 181 183 182 
4 182 183 185 184 
4 184 185 187 186 
4 186 187 189 188 
4 188 189 191 190 
4 190 191 193 192 
4 192 193 195 194 
4 194 195 197 196 
4 196 197 199 198 
4 198 199 201 200 
4 200 201 203 202 
4 202 203 205 204 
4 204 205 207 206 
4 206 207 209 208 
4 208 209 211 210 
4 210 211 213 212 
4 212 213 215 214 
4 214 215 217 216 
4 216 217 219 218 
4 218 219 221 220 
4 220 221 223 222 
4 222 223 225 224 
4 224 225 227 226 
4 226 227 229 228 
4 228 229 231 230 
4 230 231 233 232 
4 232 233 235 234 
4 234 235 237 236 
4 236 237 239 238 
4 238 239 241 240 
4 240 241 243 242 
4 242 243 245 244 
4 244 245 247 246 
4 246 247 249 248 
4 248 249 251 250 
4 250 251 253 252 
4 252 253 255 254 
4 254 255 257 256 
4 256 257 259 258 
4 258 259 261 260 
4 260 261 263 262 
4 262 263 265 264 
4 264 265 267 266 
4 266 267 269 268 
4 268 269 271 270 
4 270 271 273 272 
4 272 273 275 274 
4 274 275 277 276 
4 276 277 279 278 
4 278 279 281 280 
4 280 281 283 282 
4 282 283 285 284 
4 284 285 287 286 
4 286 287 289 288 
4 288 289 291 290 
4 290 291 293 292 
4 292 293 295 294 
4 294 295 297 296 
4 296 297 299 298 
4 298 299 301 300 
4 300 301 303 302 
4 302 303 305 304 
4 304 305 307 306 
4 306 307 309 308 
4 308 309 311 310 
4 310 311 313 312 
4 312 313 315 314 
4 314 315 317 316 
4 316 317 319 318 
4 318 319 321 320 
4 320 321 323 322 
4 322 323 325 324 
4 324 325 327 326 
4 326 327 329 328 
4 328 329 331 330 
4 330 331 333 332 
4 332 333 335 334 
4 334 335 337 336 
4 336 337 1 0 
169 338 339 340 341 342 343 344 345 346 347 348 349 350 351 352 353 354 355 356 357 358 359 360 361 362 363 364 365 366 367 368 369 370 371 372 373 374 375 376 377 378 379 380 381 382 383 384 385 386 387 388 389 390 391 392 393 394 395 396 397 398 399 400 401 402 403 404 405 406 407 408 409 410 411 412 413 414 415 416 417 418 419 420 421 422 423 424 425 426 427 428 429 430 431 432 433 434 435 436 437 438 439 440 441 442 443 444 445 446 447 448 449 450 451 452 453 454 455 456 457 458 459 460 461 462 463 464 465 466 467 468 469 470 471 472 473 474 475 476 477 478 479 480 481 482 483 484 485 486 487 488 489 490 491 492 493 494 495 496 497 498 499 500 501 502 503 504 505 506 
169 507 508 509 510 511 512 513 514 515 516 517 518 519 520 521 522 523 524 525 526 527 528 529 530 531 532 533 534 535 536 537 538 539 540 541 542 543 544 545 546 547 548 549 550 551 552 553 554 555 556 557 558 559 560 561 562 563 564 565 566 567 568 569 570 571 572 573 574 575 576 577 578 579 580 581 582 583 584 585 586 587 588 589 590 591 592 593 594 595 596 597 598 599 600 601 602 603 604 605 606 607 608 609 610 611 612 613 614 615 616 617 618 619 620 621 622 623 624 625 626 627 628 629 630 631 632 633 634 635 636 637 638 639 640 641 642 643 644 645 646 647 648 649 650 651 652 653 654 655 656 657 658 659 660 661 662 663 664 665 666 667 668 669 670 671 672 673 674 675 
-1
